Pía
Benha
Cesar
The_Flyman_971
_mariana._s
Alumno
Ame Barceló
Amelie
Lucas Merino
J.
javi
BenjaM2604
Chase McCain
Flo Briceño
Fer Miller
AgusAgus
benja?
Andre 21
Martin Novoa
Vale Prambs
Felipe Lillo Núñez
CarooX36004
hHahansbuz2
Rythm
ama
Joselio
bot1
7398
6633
3237
8931
3981
2205
2121
7887
4363
8116
7670
1569
1469
5031
0967
4600
4629
8371
7725
2645
7265
8462
4986
3722
8925
0541
9310
9212
9714
2876
3550
7189
2765
5435
3511
8122
7481
2445
4964
4588
4052
5098
1895
3697
7800
2849
9702
1649
2611
2687
1364
6021
3171
2783
4876
5643
4644
5082
4031
4991
8860
1214
3698
6404
2136
5359
9324
3075
8123
5981
0269
9359
7254
2071
3653
3262
1849
9140
0444
7328
5970
4870
9882
7398
6633
3237
8931
3981
2205
2121
7887
4363
8116
7670
1569
1469
5031
0967
4600
4629
8371
7725
2645
7265
8462
4986
3722
8925
0541
9310
9212
9714
2876
3550
7189
2765
5435
3511
8122
7481
2445
4964
4588
4052
5098
1895
3697
7800
2849
9702
1649
2611
2687
1364
6021
3171
2783
4876
5643
4644
5082
4031
4991
8860
1214
3698
6404
2136
5359
9324
3075
8123
5981
0269
9359
7254
2071
3653
3262
1849
9140
0444
7328
5970
4870
9882
7398
6633
3237
8931
3981
2205
2121
7887
4363
8116
7670
1569
1469
5031
0967
4600
4629
8371
7725
2645
7265
8462
4986
3722
8925
0541
9310
9212
9714
2876
3550
7189
2765
5435
3511
8122
7481
2445
4964
4588
4052
5098
1895
3697
7800
2849
9702
1649
2611
2687
1364
6021
3171
2783
4876
5643
4644
5082
4031
4991
8860
1214
3698
6404
2136
5359
9324
3075
8123
5981
0269
9359
7254
2071
3653
3262
1849
9140
0444
7328
5970
4870
9882
